12612
12603
11603
12603
11601
12603
11603
12603
11602
12604
11604
12605
11604
12604
11603
12604
11604
10612
10604
10603
10603
10603
10603
10603
10602
10601
10603
9612
9603
9603
9603
9603
9603
9601
9603
9601
9603
8611
8602
8602
8602
8602
8602
8602
8600
8600
8602
7611
7602
7602
7602
7600
7600
7600
7601
7600
7600
6610
6602
6602
6602
6601
6601
6601
6601
6601
6601
5608
5601
5602
5601
5600
5599
5600
5600
5600
5600
4607
4600
4600
4600
4600
4600
4599
4601
4599
4601
3608
3599
11611
3599
3599
3600
3599
3599
11603
12604
3600
3599
3599
