15
16
16
16
17
17
19
19
20
20
11
12
14
14
18
18
19
19
19
524
15
15
15
15
15
16
16
16
20
515
13
15
16
16
16
16
525
525
525
524
10
11
11
11
12
15
15
15
15
16
10
11
12
12
12
13
14
14
517
516
11
11
14
14
15
15
515
515
516
516
12
12
12
13
13
16
17
17
17
16
11
13
14
14
14
14
516
515
516
521
9
10
10
10
12
12
12
12
13
516
10
10
10
11
11
12
12
13
13
13
12
12
12
13
516
517
517
517
517
517
11
13
14
14
16
16
16
17
18
518
11
14
15
517
517
517
517
518
518
524
11
12
12
13
13
14
15
15
16
522
9
10
10
11
12
12
12
12
12
12
10
11
13
13
13
13
516
516
517
517
15
15
16
16
16
16
16
19
516
517
11
12
17
20
520
521
521
522
522
521
18
18
18
18
19
20
20
20
20
20
11
11
11
12
12
14
14
14
15
15
9
10
11
11
11
12
14
14
15
520
19
19
19
19
19
521
521
522
522
522
10
10
10
10
12
12
13
14
13
14
11
11
11
12
12
12
12
12
12
512
11
11
12
12
12
12
12
12
12
12
10
11
11
11
11
11
11
11
11
11
15
16
16
16
16
16
16
15
16
518
17
17
17
17
17
18
18
17
17
17
11
14
14
14
14
14
14
14
14
14
10
11
11
11
11
11
12
12
12
515
12
13
518
519
519
519
519
519
520
520
9
9
9
9
10
10
11
11
11
11
518
518
518
518
518
518
518
518
518
520
12
13
13
13
13
14
14
15
15
15
14
15
15
15
15
14
15
15
14
15
10
11
11
12
12
12
12
12
13
13
9
9
10
10
10
10
11
514
514
514
10
10
11
11
12
12
13
13
515
515
10
11
11
12
12
13
520
521
521
521
12
12
13
13
13
16
521
521
521
521
11
11
12
13
13
13
520
520
520
519
11
11
13
13
13
13
13
14
512
518
20
20
20
20
520
520
520
522
523
524
11
11
12
14
14
14
14
15
15
15
12
12
14
14
515
516
516
516
516
518
12
12
12
12
12
12
13
13
14
14
10
10
11
11
11
12
515
515
515
515
11
11
11
11
11
12
12
516
516
517
10
11
11
11
11
11
11
13
13
13
10
10
11
11
12
513
513
519
519
519
11
11
12
12
12
12
12
12
520
520
9
10
10
516
520
519
520
520
520
520
10
12
12
12
12
12
12
12
510
511
11
11
11
11
11
11
12
12
12
12
10
10
11
11
11
11
12
12
515
515
10
12
12
12
12
12
13
513
513
514
10
11
11
11
11
11
12
12
516
517
13
13
13
13
13
13
515
516
516
516
9
9
10
10
10
10
10
11
11
12
9
12
12
515
516
516
516
515
516
516
9
10
10
10
10
11
11
11
518
519
10
10
10
12
515
516
516
516
516
518
8
9
9
10
10
10
11
11
11
11
9
10
11
11
518
518
519
518
518
518
9
9
10
10
10
11
11
11
12
12
10
11
14
513
514
514
514
513
515
515
12
13
13
13
13
13
13
15
15
15
9
10
10
12
16
16
16
519
519
519
10
10
14
16
17
517
517
517
518
518
17
17
17
17
17
17
17
17
513
513
15
15
15
15
15
15
16
16
16
16
16
17
17
17
17
17
17
17
17
16
10
10
11
11
11
11
12
12
13
13
11
11
11
11
11
11
11
11
11
12
11
12
12
12
12
12
12
12
12
12
10
10
10
10
10
10
10
10
11
10
12
12
12
12
12
12
12
12
515
515
8
9
9
9
9
9
9
9
10
10
15
15
16
15
16
16
16
15
15
16
8
9
9
11
11
11
11
11
11
11
10
10
11
518
518
519
519
519
519
519
10
10
10
11
11
11
11
11
515
516
11
11
12
12
11
11
11
12
12
12
10
10
10
10
10
10
11
11
11
11
14
15
15
15
15
15
15
15
15
15
9
9
9
10
10
10
10
10
11
11
9
10
10
10
11
11
11
519
519
519
8
9
9
9
9
10
10
10
10
10
9
515
515
515
516
516
516
515
515
515
8
9
9
9
9
9
10
10
10
10
12
12
513
519
521
522
522
522
522
522
10
10
10
10
10
10
11
11
12
12
9
10
11
11
511
512
512
512
511
512
9
9
10
10
10
11
11
11
11
11
8
9
9
9
10
514
514
514
514
514
10
10
10
11
11
11
11
11
515
521
10
10
10
10
10
10
11
517
517
516
12
13
13
13
12
13
13
13
13
13
17
16
19
19
19
19
19
19
19
520
