0.007536649703979492
0.001998424530029297
0.001996278762817383
0.002709627151489258
0.0015285015106201172
0.0023043155670166016
0.0015363693237304688
0.001894235610961914
0.002265930176
0.0016422271728515625
0.0019931793212890625
0.0019826889038085938
0.0029997825622558594
0.001998901367
0.0029993057250976562
0.0019855499267578125
0.002118349075317383
0.003124237060546875
0.0018687248229980469
0.0009992122650146484
0.002001523971557617
0.0010471343994140625
0.0030100345611572266
0.0017485618591308594
0.0019931793212890625
0.0030138492584228516
0.0030014514923095703
0.001107931137084961
0.002996206283569336
0.0009994506836
0.0019931793212890625
0.0019979476928710938
0.002003192901611328
0.0022230148315429688
0.002002716064453125
0.0026547908782958984
0.0029909610748291016
0.0017971992492675781
0.0021996498107910156
0.002002239227294922
0.0010066032409667969
0.0019958019256591797
0.001997232437133789
0.0021753311157226562
0.0029921531677246094
0.001992940902709961
0.0025873184204101562
0.003000497817993164
0.0020034313201904297
0.004995584487915039
0.0019965171813964844
0.002006053924560547
0.002124786376953125
0.0025506019592285156
0.0020017623901367188
0.0009994506836
0.0016520023345947266
0.002002239227294922
0.0009977817535
0.0022110939025878906
0.0019884109497070312
0.002008199691772461
0.0019996166229248047
0.0026721954345703125
0.0017540454864501953
0.002014160156
0.002004861831665039
0.0019958019256591797
0.0019979476928710938
0.0030090808868408203
0.0019600391387939453
0.0009973049164
0.002222299575805664
0.0018496513366699219
0.0030057430267333984
0.0020074844360351562
0.002000570297241211
0.0030264854431152344
0.002593994141
0.0009989738464355469
0.0020058155059814453
0.0009989738464355469
0.002998352051
0.0010135173797607422
0.0019996166229248047
0.002000570297241211
0.0040035247802734375
0.0030143260955810547
0.0020046234130859375
0.0030062198638916016
0.001996278762817383
0.002000570297241211
0.0020008087158203125
0.0020558834075927734
0.0019941329956054688
0.0010175704956054688
0.0030062198638916016
0.0015430450439453125
0.0030133724212646484
0.002001523971557617
0.0019960403442382812
0.002000570297241211
0.0029931068420410156
0.0019943714141845703
0.0016245841979980469
0.003014087677001953
0.003013134002685547
0.0020074844360351562
0.0019958019256591797
0.0009975433349609375
0.0010008811950683594
0.001993417739868164
0.0018308162689208984
0.0020008087158203125
0.0020008087158203125
0.002008676528930664
0.001997232437133789
0.0022058486938476562
0.002696514129638672
0.0017199516296386719
0.0009922981262207031
0.0011343955993652344
0.001984834671020508
0.0020051002502441406
0.001991271973
0.0020055770874023438
0.0019996166229248047
0.0030143260955810547
0.0018649101257324219
0.0010139942169189453
0.0019919872283935547
0.0019998550415039062
0.001995563507080078
0.0019969940185546875
0.0019981861114501953
0.0020036697387695312
0.003001689910888672
0.0011675357818603516
0.001998901367
0.001928091049194336
0.002006530762
0.0020046234130859375
0.002988576889038086
0.0020072460174560547
0.0009961128234863281
0.001999378204345703
0.0020055770874023438
0.003754854202270508
0.0019249916076660156
0.002532958984
0.001993417739868164
0.0010018348693847656
0.0020194053649902344
0.0019969940185546875
0.006010293960571289
0.002011537551879883
0.003465890884399414
0.002163410186767578
0.0020058155059814453
0.0010089874267578125
0.0018625259399414062
0.0010013580322265625
0.0020003318786621094
0.0020203590393066406
0.0020041465759277344
0.0010020732879638672
0.0010027885437011719
0.0029942989349365234
0.002002716064453125
0.002004861831665039
0.002006530762
0.001007080078
0.0010116100311279297
0.001007080078
0.0019998550415039062
0.0022139549255371094
0.0019996166229248047
0.0023097991943359375
0.001991271973
0.0022995471954345703
0.002003908157348633
0.001983642578
0.001988649368286133
0.0019969940185546875
0.0029973983764648438
0.001998424530029297
0.0013535022735595703
0.001009225845336914
0.002010822296142578
0.0020024776458740234
0.0020036697387695312
0.002000570297241211
0.0019986629486083984
0.001994609832763672
0.0010106563568115234
0.001998901367
0.001990795135498047
0.0009925365447998047
0.001670837402
0.0020041465759277344
0.0019991397857666016
0.0019991397857666016
0.002000093460083008
0.0019979476928710938
0.001996278762817383
0.0019872188568115234
0.001003265380859375
0.0027227401733398438
0.001958608627319336
0.0019943714141845703
0.0019996166229248047
0.0020096302032470703
0.001995563507080078
0.0018184185028076172
0.0010058879852294922
0.0019953250885009766
0.0027048587799072266
0.0020084381103515625
0.0024645328521728516
0.0011441707611083984
0.0020008087158203125
0.0010037422180175781
0.0009872913360595703
0.0019898414611816406
0.002003908157348633
0.002009868621826172
0.004000186920166016
0.0024268627166748047
0.0016994476318359375
0.0010020732879638672
0.002000093460083008
0.0009975433349609375
0.0011603832244873047
0.0029997825622558594
0.0029926300048828125
0.002001047134399414
0.0020046234130859375
0.001997232437133789
0.0017015933990478516
0.0010044574737548828
0.0029959678649902344
0.0027565956115722656
0.0010042190551757812
0.002002716064453125
0.0009894371032714844
0.0010056495666503906
0.0010046958923339844
0.0020084381103515625
0.003000974655151367
0.0017135143280029297
0.0020036697387695312
0.0010030269622802734
0.0009987354278564453
0.0009987354278564453
0.0019969940185546875
0.0019941329956054688
0.0042874813079833984
0.0022780895233154297
0.0025320053100585938
0.002003908157348633
0.002004861831665039
0.002004384994506836
0.0019948482513427734
0.0010001659393310547
0.0009939670563
0.0019979476928710938
0.0010039806365966797
0.0010085105895996094
0.0009999275207519531
0.001004934310913086
0.001998424530029297
0.0020034313201904297
0.0010111331939697266
0.0010042190551757812
0.0029935836791992188
0.002000570297241211
0.001001119613647461
0.0019991397857666016
0.0030090808868408203
0.002311706543
0.0019767284393310547
0.0019867420196533203
0.001997709274291992
0.0020034313201904297
0.0020008087158203125
0.002086162567138672
0.0020046234130859375
0.0022139549255371094
0.0018086433410644531
0.001786947250366211
0.0020029544830322266
0.0016293525695800781
0.001995086669921875
0.0020051002502441406
0.001998901367
0.0017518997192382812
0.001994609832763672
0.001997232437133789
0.002000570297241211
0.0020875930786132812
0.001966714859008789
0.0019986629486083984
0.0030090808868408203
0.0019943714141845703
0.0029947757720947266
0.0030024051666259766
0.0020079612731933594
0.001981973648071289
0.002005338668823242
0.002263307571411133
0.0019943714141845703
0.001996755599975586
0.003003358840942383
0.0019812583923339844
0.0020024776458740234
0.0029435157775878906
0.0019960403442382812
0.0020029544830322266
0.0020055770874023438
0.0020971298217773438
0.0020127296447753906
0.0015208721160888672
0.0020034313201904297
0.004341840744018555
0.0029997825622558594
0.0020072460174560547
0.0020008087158203125
0.0010075569152832031
0.0020074844360351562
0.0017576217651367188
0.0009911060333251953
0.002002716064453125
0.0010066032409667969
0.001997232437133789
0.002512693405151367
0.0020051002502441406
0.001003265380859375
0.001988649368286133
0.0020017623901367188
0.0022597312927246094
0.0020029544830322266
0.0019948482513427734
0.003005504608154297
0.002000093460083008
0.0019953250885009766
0.0021409988403320312
0.0010113716125488281
0.0009965896606445312
0.0020012855529785156
0.001941680908203125
0.0020036697387695312
0.0009930133819580078
0.0010056495666503906
0.0030002593994140625
0.002000093460083008
0.0010209083557128906
0.0015254020690917969
0.001997709274291992
0.002002716064453125
0.0011191368103027344
0.0027456283569335938
0.0020194053649902344
0.0019960403442382812
0.002006053924560547
0.0010075569152832031
0.002002239227294922
0.0019931793212890625
0.0030040740966796875
0.002016305923461914
0.002890348434448242
0.002995729446411133
0.001978158950805664
0.0017838478088378906
0.0010004043579101562
0.0030088424682617188
0.002957582473754883
0.0030107498168945312
0.0016162395477294922
0.0015289783477783203
0.0018296241760253906
0.001994609832763672
0.0024166107177734375
0.0020036697387695312
0.0019996166229248047
0.002978086471557617
0.0020918846130371094
0.002998828887939453
0.0009944438934326172
0.001013040542602539
0.001245737075805664
0.0016086101531982422
0.0018205642700195312
0.0024955272674560547
0.001997709274291992
0.001998424530029297
0.0020024776458740234
0.0020024776458740234
0.0021343231201171875
0.003202676773071289
0.0020220279693603516
0.0020008087158203125
0.001714468002319336
0.002292633056640625
0.0009937286376953125
0.0029938220977783203
0.0019137859344482422
0.0009968280792236328
0.0019941329956054688
0.0010013580322265625
0.0010232925415039062
0.0020046234130859375
0.002338409423828125
0.001722574234008789
0.0019910335540771484
0.0009996891021728516
0.002008676528930664
0.0020012855529785156
0.0020003318786621094
0.001013040542602539
0.0020036697387695312
0.0020046234130859375
0.0019025802612304688
0.0019884109497070312
0.0020072460174560547
0.0020003318786621094
0.0014662742614746094
0.0009987354278564453
0.0020034313201904297
0.001004934310913086
0.002019643783569336
0.0020034313201904297
0.0020003318786621094
0.0009932518005371094
0.0009984970092773438
0.0009925365447998047
0.004002094268798828
0.002000093460083008
0.0019986629486083984
0.002000093460083008
0.0017249584197998047
0.0020084381103515625
0.0010035037994384766
0.002018451690673828
0.002004861831665039
0.001005411148071289
0.0020051002502441406
0.002002716064453125
0.001993894577026367
0.0034503936767578125
0.001989126205444336
0.0020029544830322266
0.0029938220977783203
0.0019958019256591797
0.0019943714141845703
0.001991748809814453
0.0020036697387695312
0.0019996166229248047
0.0021522045135498047
0.0033254623413085938
0.0016586780548095703
0.001004934310913086
0.001003265380859375
0.0020017623901367188
0.0020034313201904297
0.0015833377838134766
0.003210783004760742
0.001995563507080078
0.0019986629486083984
0.0020024776458740234
0.002154827117919922
0.0020046234130859375
0.001996278762817383
0.0009999275207519531
0.003008127212524414
0.0020089149475097656
0.001001119613647461
0.0019969940185546875
0.003000497817993164
0.0010004043579101562
0.0029973983764648438
0.002000570297241211
0.0010046958923339844
0.001998901367
0.0019931793212890625
0.002412557601928711
0.002003192901611328
0.0010020732879638672
0.0020055770874023438
0.0030183792114257812
0.0017857551574707031
0.001998424530029297
0.0019986629486083984
0.001998901367
0.001998901367
0.0020029544830322266
0.002008199691772461
0.0009980201721191406
0.0017731189727783203
0.0020036697387695312
0.004957437515258789
0.0020072460174560547
0.0020062923431396484
0.0019998550415039062
0.001697540283203125
0.002000570297241211
0.0020034313201904297
0.002000093460083008
0.002009868621826172
0.002996206283569336
0.0036194324493408203
0.003003835678100586
0.0032923221588134766
0.002374887466430664
0.003004312515258789
0.0019986629486083984
0.003089427947998047
0.0009994506836
0.0009982585906982422
0.0019996166229248047
0.002007722854614258
0.0020062923431396484
0.0020012855529785156
0.0020084381103515625
0.0019981861114501953
0.001992464065551758
0.002774477005004883
0.0011548995971679688
0.0020051002502441406
0.0019943714141845703
0.0010023117065429688
0.0010056495666503906
0.0020012855529785156
0.0029947757720947266
0.0009973049164
0.0019822120666503906
0.0012950897216796875
0.0020034313201904297
0.0009973049164
0.0020127296447753906
0.001987457275390625
0.002006530762
0.0009992122650146484
0.001997709274291992
0.0019981861114501953
0.0010135173797607422
0.0020046234130859375
0.0020012855529785156
0.0020008087158203125
0.002004861831665039
0.002344846725463867
0.0010128021240234375
0.0010004043579101562
0.0010042190551757812
0.0010027885437011719
0.0020017623901367188
0.0022268295288085938
0.0019948482513427734
0.002003908157348633
0.0020029544830322266
0.0010578632354736328
0.002001047134399414
0.001997709274291992
0.001998424530029297
0.001994609832763672
0.0010006427764892578
0.001766204833984375
0.001987457275390625
0.0020096302032470703
0.002000570297241211
0.0019981861114501953
0.001999378204345703
0.0020117759704589844
0.0017764568328857422
0.0020072460174560547
0.0019927024841308594
0.0019996166229248047
0.002003908157348633
0.0019969940185546875
0.001999378204345703
0.0009970664978027344
0.001998901367
0.0017516613006591797
0.001996755599975586
0.0029883384704589844
0.0009813308715820312
0.001998424530029297
0.001997709274291992
0.0010156631469726562
0.001997709274291992
0.002003908157348633
0.0010094642639160156
0.001990079879760742
0.0011525154113769531
0.004000902176
0.0020017623901367188
0.0009696483612060547
0.0010006427764892578
0.0009953975677490234
0.001997232437133789
0.0009922981262207031
0.0009973049164
0.002007007598876953
0.001992464065551758
0.003955364227294922
0.0020003318786621094
0.0029866695404052734
0.0020012855529785156
0.001990079879760742
0.0010039806365966797
0.0020105838775634766
0.001007080078
0.002000093460083008
0.0009989738464355469
0.0009953975677490234
0.001012563705444336
0.0019941329956054688
0.0010044574737548828
0.0010004043579101562
0.0020051002502441406
0.0020024776458740234
0.0020046234130859375
0.0010023117065429688
0.0020036697387695312
0.0019941329956054688
0.0019860267639160156
0.0019986629486083984
0.0019884109497070312
0.0009930133819580078
0.001991271973
0.0009829998016357422
0.0019974708557128906
0.001689910888671875
0.0015285015106201172
0.0010068416595458984
0.0020096302032470703
0.001001119613647461
0.0020017623901367188
0.0010023117065429688
0.0020074844360351562
0.0019969940185546875
0.0010046958923339844
0.0009963512420654297
0.0017163753509521484
0.0016789436340332031
0.0020062923431396484
0.0019996166229248047
0.0050008296966552734
0.0009970664978027344
0.0015301704406738281
0.001108407974243164
0.0009996891021728516
0.0019969940185546875
0.0017230510711669922
0.0019919872283935547
0.0020210742950439453
0.0009980201721191406
0.002004384994506836
0.0010042190551757812
0.0020151138305664062
0.0015325546264648438
0.0010020732879638672
0.0019915103912353516
0.001070261001586914
0.0009756088256835938
0.001998424530029297
0.0009992122650146484
0.0009696483612060547
0.0011799335479736328
0.0029904842376708984
0.0010890960693359375
0.0020046234130859375
0.0019943714141845703
0.0020139217376708984
0.0019974708557128906
0.0020046234130859375
0.0019981861114501953
0.001992464065551758
0.0010046958923339844
0.003000497817993164
0.0019922256469726562
0.0019893646240234375
0.002251863479614258
0.0019979476928710938
0.0020074844360351562
0.0029954910278320312
0.0020074844360351562
0.001993417739868164
0.0020127296447753906
0.002995729446411133
0.001999378204345703
0.0019981861114501953
0.0029909610748291016
0.0020008087158203125
0.002000570297241211
0.0009977817535
0.0019981861114501953
0.0020046234130859375
0.001997709274291992
0.0020072460174560547
0.0019931793212890625
0.0020034313201904297
0.0020051002502441406
0.0020194053649902344
0.0019927024841308594
0.002005338668823242
0.0030007362365722656
0.0019974708557128906
0.0020177364349365234
0.0030062198638916016
0.0019981861114501953
0.0019969940185546875
0.0029952526092529297
0.0016942024230957031
0.0010030269622802734
0.0020096302032470703
0.0010066032409667969
0.001999378204345703
0.0020232200622558594
0.0010023117065429688
0.0019943714141845703
0.001001119613647461
0.0019817352294921875
0.002618551254272461
0.0019893646240234375
0.001997232437133789
0.001997709274291992
0.0009882450103759766
0.002002716064453125
0.0020036697387695312
0.0009963512420654297
0.003003358840942383
0.0010006427764892578
0.002395629883
0.0010046958923339844
0.001005411148071289
0.002994537353515625
0.0019998550415039062
0.0019986629486083984
0.0020020008087158203
0.0019927024841308594
0.001013040542602539
0.002000570297241211
0.001004934310913086
0.0010006427764892578
0.002000093460083008
0.0018734931945800781
0.0010068416595458984
0.0019986629486083984
0.0019969940185546875
0.0019996166229248047
0.0010058879852294922
0.001451730728149414
0.002002716064453125
0.001987934112548828
0.0009996891021728516
0.0019845962524414062
0.0020017623901367188
0.0010001659393310547
0.0010006427764892578
0.0010035037994384766
0.002003908157348633
0.002004384994506836
0.002001523971557617
0.002003908157348633
0.0009942054748535156
0.0020003318786621094
0.0019974708557128906
0.0030057430267333984
0.0020036697387695312
0.0019958019256591797
0.0020046234130859375
0.0019016265869140625
0.0009977817535
0.0017650127410888672
0.002009868621826172
0.0020041465759277344
0.0009970664978027344
0.002998828887939453
0.003002643585205078
0.0016620159149169922
0.0019922256469726562
0.0010073184967041016
0.0019998550415039062
0.002002716064453125
0.0020117759704589844
0.0019986629486083984
0.0019919872283935547
0.003999471664428711
0.002011537551879883
0.001996278762817383
0.001695871353149414
0.0019927024841308594
0.002008199691772461
0.0029969215393066406
0.001992940902709961
0.0019943714141845703
0.001995086669921875
0.0050046443939208984
0.002516508102416992
0.003010272979736328
0.0031669139862060547
0.0019979476928710938
0.002981424331665039
0.0019941329956054688
0.001993417739868164
0.0020029544830322266
0.0019850730895996094
0.0029981136322021484
0.002987384796142578
0.002990722656
0.0016927719116210938
0.001997709274291992
0.0019998550415039062
0.0010027885437011719
0.0009880065918
0.001995563507080078
0.0019953250885009766
0.0030040740966796875
0.0019979476928710938
0.0020062923431396484
0.0017075538635253906
0.0020008087158203125
0.0017175674438476562
0.002010345458984375
0.0010111331939697266
0.0009973049164
0.0008764266967773438
0.0010073184967041016
0.002011537551879883
0.0009951591491699219
0.002006530762
0.0022704601287841797
0.0009965896606445312
0.0009920597076416016
0.003011465072631836
0.001680612564086914
0.002000093460083008
0.002002716064453125
0.0010025501251220703
0.0010004043579101562
0.0017397403717041016
0.0019941329956054688
0.001999378204345703
0.0020029544830322266
0.0020024776458740234
0.0020864009857177734
0.0016319751739501953
0.0009918212891
0.0019538402557373047
0.0019948482513427734
0.0019998550415039062
0.0019941329956054688
0.0009989738464355469
0.002006053924560547
0.0030012130737304688
0.0016903877258300781
0.0016658306121826172
0.0020084381103515625
0.002996206283569336
0.0030007362365722656
0.0023996829986572266
0.0009989738464355469
0.001533508301
0.002005338668823242
0.002997159957885742
0.002023458480834961
0.0019807815551757812
0.0019941329956054688
0.0029904842376708984
0.0019931793212890625
0.0022764205932617188
0.0017638206481933594
0.0010013580322265625
0.0020055770874023438
0.003001689910888672
0.002164602279663086
0.002002239227294922
0.0010006427764892578
0.002001523971557617
0.0014481544494628906
0.0017173290252685547
0.0019905567169189453
0.001998901367
0.001997232437133789
0.0010027885437011719
0.002991914749145508
0.0010161399841308594
0.001996278762817383
0.001997232437133789
0.003005981445
0.0016989707946777344
0.0020058155059814453
0.0010025501251220703
0.0009922981262207031
0.001997232437133789
0.0020051002502441406
0.002001047134399414
0.003993988037109375
0.0009982585906982422
0.0028502941131591797
0.001664876937866211
0.0019998550415039062
0.0009965896606445312
0.0020055770874023438
0.001995086669921875
0.0010027885437011719
0.001996278762817383
0.0030031204223632812
0.0035789012908935547
0.0020143985748291016
0.0024521350860595703
0.0009963512420654297
0.001001596450805664
0.0029969215393066406
0.0020079612731933594
0.002002716064453125
0.002006053924560547
0.002992868423461914
0.001161813735961914
0.0024933815002441406
0.0026748180389404297
0.0009982585906982422
0.0009984970092773438
0.001995563507080078
0.001005411148071289
0.002006053924560547
0.0020046234130859375
0.002001523971557617
0.0020067691802978516
0.003000974655151367
0.004705667495727539
0.0019969940185546875
0.0009992122650146484
0.0010225772857666016
0.001996278762817383
0.0010073184967041016
0.001992940902709961
0.0019927024841308594
0.002001047134399414
0.001999378204345703
0.001995563507080078
0.004010915756225586
0.001992464065551758
0.0029964447021484375
0.0019953250885009766
0.001993417739868164
0.0009911060333251953
0.001999378204345703
0.0019943714141845703
0.0030128955841064453
0.0019652843475341797
0.0019981861114501953
0.0030040740966796875
0.0009956359863
0.002994537353515625
0.001998901367
0.0018017292022705078
0.0020020008087158203
0.001989126205444336
0.0010018348693847656
0.0019876956939697266
0.0019979476928710938
0.002006053924560547
0.0020024776458740234
0.0029947757720947266
0.0019986629486083984
0.0028045177459716797
0.0020029544830322266
0.0009937286376953125
0.0009996891021728516
0.0020041465759277344
0.002987384796142578
0.0017075538635253906
0.0020971298217773438
0.002128601074
0.002000570297241211
0.0022614002227783203
0.001997709274291992
0.0020017623901367188
0.0010006427764892578
0.001004934310913086
0.002008199691772461
0.003284931182861328
0.0019893646240234375
0.0010023117065429688
0.0010037422180175781
0.0010099411010742188
0.0019974708557128906
0.0030014514923095703
0.001997232437133789
0.0010113716125488281
0.0010020732879638672
0.002010345458984375
0.001990795135498047
0.0020029544830322266
0.002548217773
0.002001047134399414
0.0009989738464355469
0.0020110607147216797
0.0020008087158203125